5038700
5170300
4085600
4181100
3005900
5724200
3905300
4204300
5405900
7060800
9104100
22825600
12395600
9383800
9729400
15120800
15586200
23083800
24656000
28257200
12865800
17859000
22762700
23555400
29727900
97066800
28732700
41234800
58767400
43756700
52180800
94418300
51648600
59767400
67552700
73166100
174826700
132181500
271196200
151969800
235208400
474993000
210181500
144835300
155790300
705812000
556221300
186558300
212752100
214050600
833810800
2904425400
238888600
417302200
317995700
504172800
417233600
1086935000
348428800
419412200
412929200
698077200
654832100
1809921600
5583742900
590505200
683227600
2391307600
2488358000
917788600
3124872400
894638800
1191602000
4146118700
3694962500
3387569800
8951467300
5220353200
4919011100
15625083300
8723086600
2144666400
6084472100
3853470300
8734339200
2812358400
4062349500
2844033900
3596488600
6845357300
5096283000
8601471800
15589650000
4799803100
21869902000
23071259800
13683737200
22067996700
3217851100
23510887000
