6644100
2385300
2574600
3010700
4622500
3668800
7455900
15517900
24249500
39984700
34489000
27531600
21285400
15400900
15328000
20813200
20326300
27168400
28093200
36362700
31167600
34565000
37603100
50058000
52645200
70053300
61582400
73950900
83871600
71795700
85928400
80322300
113569200
94697900
364356500
1278415500
211962100
398857200
346772300
138912600
2951462800
1533386900
1487357500
1113063500
204153100
216239300
208401400
264020900
3630454100
4258499400
3964273700
3844894800
4310050700
4052645200
4419543400
4559085200
6092820300
1938529700
2055929000
5115708700
5419922800
5223224000
5292568800
5548048600
5662886200
7428112600
7477646300
8501475300
598231800
540089700
6426910400
6470177600
7187626900
9441147000
3568299000
6435103200
6453415000
17726886700
6937611100
7705814400
8028175600
12016343300
12094316500
10912547300
12967228000
11002703700
10345649200
25351865200
8754547900
43041372700
21741952300
13439905900
16260652400
43562066600
29608007000
20295706200
16561115500
9766458300
24785100100
72222045600
