17294400
2960600
2905200
2424400
2188800
2780800
4688300
4989900
37626500
28492300
25774300
36055000
78933500
7828100
13124400
33576700
18086400
18565300
28712800
30235100
13876700
17297700
19512800
18294700
24396500
22802600
35617100
32053900
30079500
32303700
45648400
44448300
47702300
43900800
56069700
61973600
65136400
69974300
78894600
85976500
92712900
99137600
108439400
119993900
125685800
133819700
151511300
179875700
176573400
173418500
192754300
208058900
215142700
236047100
253126900
279005900
290417800
327045100
524297700
514912500
367797300
396148500
443793300
509181500
503054500
475628200
512860900
669800400
679518200
657157300
654667600
810283200
720835100
755644300
785796000
977475100
919970700
1030112100
1167480100
1208202900
1186488900
1129357200
1241375700
1260829600
1328024800
1358728200
1528810700
1557141600
2155900600
1959874900
1812676800
1967866500
1981035500
2337363800
2906747300
3210198400
3050285500
3471282100
3255605200
2835008400
